360 0.008578
361 0.008792
362 0.009005
363 0.009564
364 0.010123
365 0.01052
366 0.009726
367 0.009998
368 0.0096
369 0.009201
370 0.007963
371 0.006725
372 0.006337
373 0.00595
374 0.005736
375 0.005522
376 0.005503
377 0.005484
378 0.005721
379 0.005958
380 0.005777
381 0.005595
382 0.005538
383 0.005571
384 0.005603
385 0.006003
386 0.006404
387 0.006037
388 0.00567
389 0.006097
390 0.006525
391 0.005628
392 0.004732
393 0.004876
394 0.00502
395 0.005205
396 0.005939
397 0.006673
398 0.010924
399 0.015176
400 0.017178
401 0.019181
402 0.019403
403 0.019626
404 0.019842
405 0.020058
406 0.020086
407 0.020029
408 0.01974
409 0.015653
410 0.011565
411 0.011004
412 0.010444
413 0.010259
414 0.010074
415 0.010748
416 0.011421
417 0.012848
418 0.014274
419 0.016156
420 0.018038
421 0.021299
422 0.024561
423 0.029839
424 0.034031
425 0.038224
426 0.045203
427 0.052183
428 0.069448
429 0.086713
430 0.121568
431 0.156424
432 0.176659
433 0.196894
434 0.231226
435 0.255249
436 0.279272
437 0.312153
438 0.345035
439 0.382698
440 0.420362
441 0.446743
442 0.473125
443 0.529293
444 0.585461
445 0.642021
446 0.698581
447 0.812404
448 0.863202
449 0.913999
450 0.949685
451 0.985371
452 0.991388
453 0.997405
454 0.998703
455 1
456 0.968545
457 0.93709
458 0.869432
459 0.826085
460 0.782739
461 0.74351
462 0.704281
463 0.662603
464 0.620926
465 0.592
466 0.563074
467 0.533516
468 0.503957
469 0.450942
470 0.425519
471 0.400096
472 0.383126
473 0.366155
474 0.34774
475 0.329325
476 0.315498
477 0.301671
478 0.291766
479 0.28186
480 0.266441
481 0.261845
482 0.257248
483 0.254107
484 0.250966
485 0.248081
486 0.245197
487 0.240234
488 0.235271
489 0.229682
490 0.224092
491 0.205005
492 0.195652
493 0.1863
494 0.176378
495 0.166456
496 0.158569
497 0.150683
498 0.143446
499 0.136209
500 0.127627
501 0.124354
502 0.12108
503 0.119735
504 0.118391
505 0.11725
506 0.11611
507 0.117513
508 0.118916
509 0.120822
510 0.122939
511 0.125056
512 0.127011
513 0.128967
514 0.131661
515 0.134355
516 0.13645
517 0.138544
518 0.14186
519 0.143949
520 0.146038
521 0.14898
522 0.151921
523 0.155055
524 0.158188
525 0.160962
526 0.163737
527 0.170187
528 0.174325
529 0.178462
530 0.184188
531 0.189913
532 0.198473
533 0.207032
534 0.22465
535 0.242268
536 0.301422
537 0.339658
538 0.377895
539 0.411835
540 0.445775
541 0.470947
542 0.496118
543 0.513228
544 0.513321
545 0.513415
546 0.496438
547 0.479461
548 0.449571
549 0.419681
550 0.38359
551 0.347498
552 0.28968
553 0.270792
554 0.251904
555 0.23968
556 0.227455
557 0.217447
558 0.207439
559 0.192208
560 0.186401
561 0.180594
562 0.177207
563 0.17382
564 0.171177
565 0.168535
566 0.162445
567 0.161147
568 0.159849
569 0.16
570 0.160151
571 0.160594
572 0.161037
573 0.165979
574 0.170948
575 0.175917
576 0.181643
577 0.187368
578 0.195243
579 0.203117
580 0.220269
581 0.227523
582 0.234777
583 0.239591
584 0.244404
585 0.247408
586 0.247968
587 0.246848
588 0.244767
589 0.242687
590 0.23764
591 0.232592
592 0.22104
593 0.214148
594 0.207257
595 0.202158
596 0.197059
597 0.192063
598 0.187068
599 0.179851
600 0.180932
601 0.182013
602 0.190534
603 0.199056
604 0.244263
605 0.282797
606 0.321331
607 0.351213
608 0.381094
609 0.414034
610 0.421728
611 0.429423
612 0.429503
613 0.429583
614 0.418778
615 0.407972
616 0.346682
617 0.30876
618 0.270838
619 0.246037
620 0.221236
621 0.189938
622 0.182039
623 0.174141
624 0.170111
625 0.16608
626 0.155663
627 0.149945
628 0.144226
629 0.138441
630 0.132656
631 0.120891
632 0.115287
633 0.109683
634 0.10359
635 0.097498
636 0.082406
637 0.077387
638 0.072368
639 0.068822
640 0.065276
641 0.061782
642 0.061707
643 0.061632
644 0.062551
645 0.063471
646 0.061968
647 0.061714
648 0.06146
649 0.060476
650 0.059491
651 0.058247
652 0.057016
653 0.055785
654 0.054761
655 0.053738
656 0.051175
657 0.0497
658 0.048225
659 0.045385
660 0.045376
661 0.045367
662 0.04458
663 0.043793
664 0.042415
665 0.042783
666 0.043151
667 0.042082
668 0.041013
669 0.037162
670 0.036599
671 0.036035
672 0.034601
673 0.033944
674 0.033287
675 0.033427
676 0.033568
677 0.032165
678 0.032132
679 0.032099
680 0.030084
681 0.030767
682 0.03145
683 0.031486
684 0.031521
685 0.031439
686 0.031569
687 0.031699
688 0.03095
689 0.029596
690 0.028242
691 0.028195
692 0.028148
693 0.025027
694 0.024587
695 0.024147
696 0.027198
697 0.03023
698 0.024167
699 0.024756
700 0.025344
701 0.029631
702 0.032387
703 0.035143
704 0.041086
705 0.043406
706 0.045726
707 0.049688
708 0.04987
709 0.050053
710 0.048121
711 0.045317
712 0.042513
713 0.039453
714 0.036393
715 0.032049
716 0.0289
717 0.025752
718 0.02068
719 0.018312
720 0.015944
721 0.013202
722 0.013215
723 0.013228
724 0.012528
725 0.012532
726 0.012535
727 0.010498
728 0.010899
729 0.011299
730 0.010373
731 0.009448
732 0.008954
733 0.010251
734 0.011548
735 0.012028
736 0.010999
737 0.00997
738 0.01064
739 0.011011
740 0.010268
741 0.013272
742 0.011469
743 0.009667
744 0.011363
745 0.011732
746 0.0121
747 0.012154
748 0.01225
749 0.012346
750 0.009732
751 0.009714
752 0.009695
753 0.010816
754 0.010967
755 0.010665
756 0.011083
757 0.010625
758 0.010168
759 0.010205
760 0
