360 0.005147
361 0.00543
362 0.004864
363 0.004823
364 0.004781
365 0.00519
366 0.005599
367 0.005036
368 0.005515
369 0.005994
370 0.005679
371 0.005365
372 0.004757
373 0.004148
374 0.004573
375 0.004999
376 0.005001
377 0.005004
378 0.004872
379 0.00474
380 0.004699
381 0.004659
382 0.004558
383 0.004409
384 0.00426
385 0.00417
386 0.00408
387 0.004221
388 0.004363
389 0.004368
390 0.004372
391 0.004941
392 0.005511
393 0.005191
394 0.004872
395 0.003965
396 0.00469
397 0.005414
398 0.005767
399 0.006119
400 0.006369
401 0.006619
402 0.006904
403 0.007189
404 0.006934
405 0.006678
406 0.006424
407 0.006169
408 0.006558
409 0.006089
410 0.005619
411 0.005563
412 0.005506
413 0.005957
414 0.006408
415 0.00746
416 0.008512
417 0.008598
418 0.008683
419 0.010581
420 0.012479
421 0.0143
422 0.016121
423 0.022232
424 0.026312
425 0.030392
426 0.036569
427 0.042747
428 0.051859
429 0.060972
430 0.075096
431 0.08922
432 0.105158
433 0.121096
434 0.157363
435 0.182375
436 0.207387
437 0.241049
438 0.274712
439 0.317341
440 0.359971
441 0.407559
442 0.455148
443 0.515661
444 0.576174
445 0.634262
446 0.69235
447 0.808845
448 0.860696
449 0.912547
450 0.949283
451 0.986019
452 0.992359
453 0.9987
454 0.99935
455 1
456 0.967387
457 0.934774
458 0.868894
459 0.824902
460 0.78091
461 0.741062
462 0.701215
463 0.658199
464 0.615183
465 0.585205
466 0.555226
467 0.52417
468 0.493113
469 0.437782
470 0.411555
471 0.385328
472 0.366421
473 0.347513
474 0.32739
475 0.307266
476 0.290331
477 0.273396
478 0.259891
479 0.246387
480 0.219208
481 0.208422
482 0.197636
483 0.188699
484 0.179761
485 0.171832
486 0.163902
487 0.156273
488 0.148644
489 0.142327
490 0.13601
491 0.122595
492 0.117509
493 0.112424
494 0.108022
495 0.103621
496 0.100236
497 0.09685
498 0.093828
499 0.090806
500 0.088109
501 0.087609
502 0.087109
503 0.08718
504 0.087251
505 0.087082
506 0.086913
507 0.088503
508 0.090094
509 0.091775
510 0.092614
511 0.093454
512 0.094409
513 0.095363
514 0.097057
515 0.09875
516 0.099922
517 0.101094
518 0.103866
519 0.104628
520 0.10539
521 0.106897
522 0.108403
523 0.109567
524 0.11073
525 0.112647
526 0.114563
527 0.11715
528 0.119198
529 0.121247
530 0.1231
531 0.124953
532 0.126837
533 0.12872
534 0.13198
535 0.13524
536 0.144071
537 0.150365
538 0.156659
539 0.162066
540 0.167473
541 0.171797
542 0.17612
543 0.178341
544 0.179091
545 0.177592
546 0.174865
547 0.172137
548 0.167621
549 0.163104
550 0.157203
551 0.151301
552 0.140824
553 0.137042
554 0.13326
555 0.130355
556 0.127451
557 0.124742
558 0.122034
559 0.117535
560 0.115479
561 0.113423
562 0.112065
563 0.110708
564 0.109106
565 0.107504
566 0.102845
567 0.101137
568 0.099429
569 0.09789
570 0.096352
571 0.0954
572 0.094448
573 0.091728
574 0.09124
575 0.090752
576 0.090072
577 0.089392
578 0.089132
579 0.088873
580 0.088108
581 0.08828
582 0.088452
583 0.08784
584 0.087229
585 0.086339
586 0.084835
587 0.083331
588 0.081518
589 0.079705
590 0.07752
591 0.075336
592 0.071249
593 0.068995
594 0.066742
595 0.064874
596 0.063006
597 0.060799
598 0.058593
599 0.055475
600 0.054112
601 0.05275
602 0.052349
603 0.051949
604 0.057915
605 0.062175
606 0.066436
607 0.070405
608 0.074374
609 0.076465
610 0.077317
611 0.078169
612 0.077382
613 0.076596
614 0.074958
615 0.073319
616 0.064169
617 0.05813
618 0.05209
619 0.047839
620 0.043588
621 0.038934
622 0.037236
623 0.035537
624 0.034423
625 0.033308
626 0.032142
627 0.031301
628 0.030461
629 0.029171
630 0.027881
631 0.026163
632 0.024921
633 0.023679
634 0.02264
635 0.0216
636 0.019549
637 0.019129
638 0.018709
639 0.018246
640 0.017783
641 0.016997
642 0.016452
643 0.015908
644 0.016109
645 0.01631
646 0.016199
647 0.016018
648 0.015837
649 0.015788
650 0.01574
651 0.014976
652 0.014489
653 0.014002
654 0.013985
655 0.013968
656 0.013126
657 0.013072
658 0.013018
659 0.013803
660 0.014302
661 0.013303
662 0.012596
663 0.011888
664 0.011364
665 0.01158
666 0.011796
667 0.012081
668 0.012366
669 0.011638
670 0.011808
671 0.011978
672 0.010168
673 0.010184
674 0.0102
675 0.009782
676 0.009364
677 0.009938
678 0.010052
679 0.009824
680 0.010538
681 0.010138
682 0.009737
683 0.009958
684 0.010179
685 0.009202
686 0.009526
687 0.00985
688 0.009755
689 0.010124
690 0.010493
691 0.010272
692 0.010051
693 0.009439
694 0.009115
695 0.008791
696 0.007427
697 0.008405
698 0.009383
699 0.010332
700 0.008433
701 0.010073
702 0.010576
703 0.011079
704 0.010872
705 0.010502
706 0.010133
707 0.011596
708 0.011954
709 0.012312
710 0.01294
711 0.012261
712 0.011582
713 0.010986
714 0.010391
715 0.007983
716 0.007549
717 0.007115
718 0.007061
719 0.007295
720 0.007529
721 0.006507
722 0.006824
723 0.007142
724 0.007243
725 0.006099
726 0.004954
727 0.006475
728 0.006631
729 0.006787
730 0.006904
731 0.00702
732 0.007469
733 0.006304
734 0.005139
735 0.005121
736 0.005275
737 0.005429
738 0.006872
739 0.007078
740 0.007283
741 0.007281
742 0.006876
743 0.006471
744 0.006267
745 0.006808
746 0.007349
747 0.00929
748 0.011179
749 0.007401
750 0.008511
751 0.008996
752 0.00948
753 0.006187
754 0.006571
755 0.006955
756 0.007795
757 0.00845
758 0.009105
759 0.007869
760 0
