360 0.010578
361 0.011447
362 0.009708
363 0.010146
364 0.010583
365 0.00998
366 0.009377
367 0.012583
368 0.012989
369 0.013396
370 0.012329
371 0.011262
372 0.010612
373 0.009963
374 0.010324
375 0.010686
376 0.010437
377 0.010188
378 0.010201
379 0.010215
380 0.010606
381 0.010997
382 0.011237
383 0.010467
384 0.009698
385 0.009357
386 0.009017
387 0.009193
388 0.009369
389 0.009435
390 0.009502
391 0.009462
392 0.009422
393 0.010063
394 0.010705
395 0.010287
396 0.009894
397 0.009501
398 0.009473
399 0.009444
400 0.010102
401 0.01076
402 0.011357
403 0.011953
404 0.012228
405 0.012503
406 0.012097
407 0.011692
408 0.011595
409 0.01062
410 0.009646
411 0.010111
412 0.010577
413 0.010659
414 0.010741
415 0.012151
416 0.013561
417 0.014597
418 0.015632
419 0.017511
420 0.01939
421 0.021553
422 0.023715
423 0.028625
424 0.033233
425 0.037841
426 0.045009
427 0.052177
428 0.062416
429 0.072656
430 0.087517
431 0.102378
432 0.118622
433 0.134867
434 0.173131
435 0.19852
436 0.223909
437 0.258312
438 0.292716
439 0.336558
440 0.380399
441 0.427842
442 0.475285
443 0.5362
444 0.597115
445 0.653016
446 0.708916
447 0.820929
448 0.871021
449 0.921113
450 0.9551
451 0.989087
452 0.992918
453 0.996748
454 1
455 0.993496
456 0.959178
457 0.924859
458 0.854117
459 0.809321
460 0.764525
461 0.724201
462 0.683876
463 0.641458
464 0.59904
465 0.568316
466 0.537592
467 0.507101
468 0.47661
469 0.422956
470 0.396594
471 0.370231
472 0.35273
473 0.33523
474 0.316106
475 0.296982
476 0.281653
477 0.266324
478 0.253011
479 0.239698
480 0.212806
481 0.203188
482 0.193569
483 0.185463
484 0.177356
485 0.170373
486 0.163389
487 0.156705
488 0.150021
489 0.14367
490 0.13732
491 0.123848
492 0.118818
493 0.113789
494 0.109864
495 0.10594
496 0.103099
497 0.100257
498 0.097305
499 0.094352
500 0.091145
501 0.090509
502 0.089874
503 0.090197
504 0.09052
505 0.090675
506 0.090365
507 0.092441
508 0.094517
509 0.095771
510 0.097137
511 0.098503
512 0.099307
513 0.100111
514 0.101993
515 0.103876
516 0.105078
517 0.106279
518 0.109033
519 0.110221
520 0.111408
521 0.113689
522 0.115969
523 0.11798
524 0.11999
525 0.121125
526 0.12226
527 0.125567
528 0.127838
529 0.130109
530 0.132361
531 0.134614
532 0.137078
533 0.139542
534 0.143626
535 0.14771
536 0.158343
537 0.165111
538 0.171879
539 0.177137
540 0.182395
541 0.187948
542 0.193501
543 0.196541
544 0.197035
545 0.196047
546 0.192862
547 0.189677
548 0.184244
549 0.178812
550 0.172503
551 0.166193
552 0.155814
553 0.151702
554 0.147591
555 0.144832
556 0.142073
557 0.139631
558 0.137189
559 0.132113
560 0.129181
561 0.126249
562 0.124796
563 0.123342
564 0.121889
565 0.120435
566 0.116629
567 0.115016
568 0.113402
569 0.112428
570 0.111453
571 0.110509
572 0.109564
573 0.109984
574 0.112049
575 0.114114
576 0.116313
577 0.118511
578 0.122024
579 0.125536
580 0.134984
581 0.139609
582 0.144233
583 0.149482
584 0.15473
585 0.162222
586 0.166343
587 0.170464
588 0.174174
589 0.177883
590 0.180054
591 0.182226
592 0.184885
593 0.185452
594 0.186019
595 0.186247
596 0.185792
597 0.185806
598 0.185821
599 0.184687
600 0.184088
601 0.183488
602 0.184109
603 0.184731
604 0.189183
605 0.194862
606 0.200541
607 0.204376
608 0.208211
609 0.21016
610 0.211101
611 0.209219
612 0.206795
613 0.20437
614 0.200326
615 0.196281
616 0.181303
617 0.17314
618 0.164977
619 0.158463
620 0.151948
621 0.14294
622 0.139693
623 0.136447
624 0.133907
625 0.131367
626 0.125123
627 0.121972
628 0.118821
629 0.116635
630 0.114448
631 0.110551
632 0.107478
633 0.104404
634 0.101384
635 0.098364
636 0.094015
637 0.091081
638 0.088147
639 0.086878
640 0.08561
641 0.082758
642 0.081339
643 0.079921
644 0.078631
645 0.07734
646 0.074534
647 0.073579
648 0.072623
649 0.071332
650 0.07004
651 0.069722
652 0.067592
653 0.065461
654 0.064862
655 0.064263
656 0.060485
657 0.059748
658 0.059011
659 0.056102
660 0.056054
661 0.056005
662 0.055576
663 0.055147
664 0.051996
665 0.05141
666 0.050824
667 0.049425
668 0.048026
669 0.046339
670 0.04642
671 0.046501
672 0.045964
673 0.044313
674 0.042663
675 0.042189
676 0.041715
677 0.039306
678 0.039089
679 0.038872
680 0.037833
681 0.037594
682 0.037355
683 0.037168
684 0.036981
685 0.035224
686 0.034818
687 0.034412
688 0.033453
689 0.033045
690 0.032636
691 0.03243
692 0.032223
693 0.031348
694 0.030573
695 0.029798
696 0.031575
697 0.029667
698 0.02776
699 0.027628
700 0.027496
701 0.029067
702 0.029458
703 0.029849
704 0.03035
705 0.030731
706 0.031112
707 0.031679
708 0.031051
709 0.030422
710 0.029023
711 0.029746
712 0.030469
713 0.028731
714 0.026993
715 0.026371
716 0.025015
717 0.023659
718 0.022858
719 0.022157
720 0.021455
721 0.021079
722 0.021059
723 0.021038
724 0.021216
725 0.021063
726 0.020911
727 0.020353
728 0.020626
729 0.020899
730 0.020677
731 0.020455
732 0.021248
733 0.021328
734 0.021168
735 0.019121
736 0.017748
737 0.016375
738 0.018308
739 0.019833
740 0.021357
741 0.02284
742 0.020993
743 0.019145
744 0.02021
745 0.020608
746 0.021006
747 0.021298
748 0.021012
749 0.020727
750 0.022067
751 0.023459
752 0.024851
753 0.022028
754 0.021307
755 0.020586
756 0.020917
757 0.021444
758 0.021972
759 0.023248
760 0
