360 0.002274
361 0.002315
362 0.002234
363 0.002292
364 0.00235
365 0.002559
366 0.002767
367 0.002593
368 0.002635
369 0.002676
370 0.002546
371 0.002416
372 0.00242
373 0.002424
374 0.002383
375 0.002343
376 0.002579
377 0.002815
378 0.002882
379 0.00295
380 0.003002
381 0.002898
382 0.002232
383 0.002293
384 0.002354
385 0.002388
386 0.002422
387 0.002502
388 0.002581
389 0.003155
390 0.003729
391 0.003899
392 0.00356
393 0.003608
394 0.003656
395 0.004012
396 0.004399
397 0.004785
398 0.00516
399 0.005535
400 0.00616
401 0.006785
402 0.007321
403 0.007856
404 0.008313
405 0.008771
406 0.009182
407 0.009593
408 0.010054
409 0.01042
410 0.010787
411 0.011486
412 0.012184
413 0.01233
414 0.012477
415 0.012892
416 0.013307
417 0.013311
418 0.013315
419 0.013198
420 0.01308
421 0.013358
422 0.013635
423 0.013446
424 0.013201
425 0.012956
426 0.013186
427 0.013416
428 0.013464
429 0.013512
430 0.013299
431 0.013085
432 0.013396
433 0.013706
434 0.014151
435 0.014322
436 0.014494
437 0.01493
438 0.015367
439 0.015444
440 0.015521
441 0.015527
442 0.015533
443 0.015908
444 0.016282
445 0.016319
446 0.016356
447 0.016993
448 0.017092
449 0.017192
450 0.01758
451 0.017968
452 0.017773
453 0.017578
454 0.017647
455 0.017716
456 0.017627
457 0.017537
458 0.018517
459 0.018518
460 0.018518
461 0.018682
462 0.018847
463 0.018541
464 0.018235
465 0.018163
466 0.018092
467 0.017987
468 0.017883
469 0.018191
470 0.018381
471 0.018001
472 0.018306
473 0.01861
474 0.01863
475 0.018651
476 0.018768
477 0.018885
478 0.018946
479 0.018825
480 0.018775
481 0.018744
482 0.018712
483 0.018774
484 0.018837
485 0.018885
486 0.018933
487 0.018803
488 0.018673
489 0.018741
490 0.018808
491 0.019331
492 0.019511
493 0.019692
494 0.01997
495 0.020247
496 0.020295
497 0.020199
498 0.020291
499 0.020383
500 0.020256
501 0.020566
502 0.020876
503 0.021006
504 0.021135
505 0.021552
506 0.021968
507 0.022248
508 0.022529
509 0.022316
510 0.022491
511 0.022666
512 0.022559
513 0.022451
514 0.022678
515 0.022905
516 0.023097
517 0.023288
518 0.02392
519 0.023989
520 0.024059
521 0.024201
522 0.024344
523 0.024648
524 0.024953
525 0.025388
526 0.025822
527 0.026289
528 0.026697
529 0.027106
530 0.027392
531 0.027678
532 0.027861
533 0.028044
534 0.028364
535 0.028684
536 0.028426
537 0.0289
538 0.029374
539 0.029621
540 0.029869
541 0.030171
542 0.030474
543 0.030669
544 0.030855
545 0.031041
546 0.031236
547 0.031431
548 0.031862
549 0.032293
550 0.032643
551 0.032993
552 0.033774
553 0.033859
554 0.033945
555 0.033994
556 0.034043
557 0.0342
558 0.034357
559 0.034433
560 0.034648
561 0.034863
562 0.035199
563 0.035535
564 0.035591
565 0.035648
566 0.035877
567 0.035953
568 0.036028
569 0.036033
570 0.036037
571 0.036467
572 0.036897
573 0.037185
574 0.037601
575 0.038017
576 0.038203
577 0.038388
578 0.0389
579 0.039412
580 0.039885
581 0.040291
582 0.040696
583 0.041329
584 0.041961
585 0.042953
586 0.043582
587 0.044211
588 0.045151
589 0.046091
590 0.047192
591 0.048293
592 0.051858
593 0.054023
594 0.056189
595 0.058854
596 0.06152
597 0.064584
598 0.067648
599 0.074846
600 0.07923
601 0.083614
602 0.08879
603 0.093966
604 0.105429
605 0.112758
606 0.120087
607 0.128824
608 0.137561
609 0.157124
610 0.169338
611 0.181552
612 0.195668
613 0.209784
614 0.227181
615 0.244578
616 0.284797
617 0.309267
618 0.333737
619 0.361433
620 0.389129
621 0.452743
622 0.489114
623 0.525485
624 0.566773
625 0.60806
626 0.695492
627 0.742111
628 0.78873
629 0.831195
630 0.873659
631 0.945187
632 0.967498
633 0.989809
634 0.994905
635 1
636 0.968932
637 0.93701
638 0.905088
639 0.857918
640 0.810748
641 0.695656
642 0.636237
643 0.576818
644 0.519823
645 0.462829
646 0.364145
647 0.32418
648 0.284216
649 0.252969
650 0.221723
651 0.172872
652 0.155086
653 0.1373
654 0.123481
655 0.109661
656 0.090644
657 0.08321
658 0.075777
659 0.06548
660 0.061634
661 0.057788
662 0.054712
663 0.051635
664 0.047198
665 0.045462
666 0.043727
667 0.042482
668 0.041237
669 0.038897
670 0.038046
671 0.037194
672 0.035886
673 0.035306
674 0.034726
675 0.034337
676 0.033948
677 0.033675
678 0.033256
679 0.032836
680 0.032595
681 0.032262
682 0.031929
683 0.031311
684 0.030693
685 0.029899
686 0.029477
687 0.029055
688 0.028812
689 0.02876
690 0.028708
691 0.028277
692 0.027846
693 0.028047
694 0.027767
695 0.027486
696 0.027538
697 0.027929
698 0.02832
699 0.028392
700 0.028465
701 0.029406
702 0.028924
703 0.028442
704 0.028495
705 0.028612
706 0.028729
707 0.028918
708 0.028757
709 0.028596
710 0.029055
711 0.028808
712 0.028561
713 0.027734
714 0.026906
715 0.025125
716 0.024843
717 0.024561
718 0.023363
719 0.023255
720 0.023146
721 0.022303
722 0.022275
723 0.022247
724 0.021144
725 0.021662
726 0.02218
727 0.02205
728 0.022566
729 0.023082
730 0.023422
731 0.023761
732 0.024289
733 0.024485
734 0.024682
735 0.026183
736 0.026884
737 0.027585
738 0.02804
739 0.028584
740 0.029128
741 0.029387
742 0.029125
743 0.028863
744 0.02968
745 0.029944
746 0.030209
747 0.029962
748 0.030354
749 0.030747
750 0.03024
751 0.029955
752 0.029671
753 0.027907
754 0.02777
755 0.027633
756 0.02598
757 0.025478
758 0.024975
759 0.023534
760 0
