360 0.016704
361 0.018057
362 0.01941
363 0.020239
364 0.018582
365 0.018269
366 0.017956
367 0.021446
368 0.022206
369 0.022965
370 0.020221
371 0.017477
372 0.017967
373 0.018458
374 0.018478
375 0.018498
376 0.017743
377 0.016989
378 0.017267
379 0.017544
380 0.01799
381 0.018435
382 0.018615
383 0.017852
384 0.017088
385 0.016476
386 0.015864
387 0.015005
388 0.014145
389 0.014586
390 0.015027
391 0.016192
392 0.017357
393 0.016715
394 0.016074
395 0.017117
396 0.017964
397 0.016269
398 0.018967
399 0.021665
400 0.022829
401 0.023992
402 0.025297
403 0.026602
404 0.027636
405 0.02867
406 0.026767
407 0.024863
408 0.026362
409 0.021866
410 0.01737
411 0.018182
412 0.018994
413 0.019449
414 0.018539
415 0.020742
416 0.022946
417 0.02364
418 0.024335
419 0.027021
420 0.029706
421 0.032061
422 0.034416
423 0.039447
424 0.044535
425 0.049622
426 0.058211
427 0.0668
428 0.083338
429 0.099876
430 0.127275
431 0.154673
432 0.173456
433 0.192238
434 0.228797
435 0.253969
436 0.27914
437 0.315165
438 0.35119
439 0.391974
440 0.432759
441 0.46556
442 0.498362
443 0.555227
444 0.612092
445 0.666939
446 0.721787
447 0.82994
448 0.878436
449 0.926932
450 0.960743
451 0.994554
452 0.997277
453 1
454 0.997186
455 0.994372
456 0.962771
457 0.93117
458 0.861909
459 0.819084
460 0.776259
461 0.739273
462 0.702287
463 0.665544
464 0.628802
465 0.604229
466 0.579657
467 0.556454
468 0.533251
469 0.493766
470 0.475704
471 0.457643
472 0.451006
473 0.444369
474 0.433712
475 0.423056
476 0.415654
477 0.408252
478 0.401668
479 0.395083
480 0.38068
481 0.375693
482 0.370706
483 0.366471
484 0.362236
485 0.357977
486 0.353718
487 0.346289
488 0.33886
489 0.330859
490 0.322859
491 0.300762
492 0.290771
493 0.280779
494 0.273227
495 0.265674
496 0.259501
497 0.253329
498 0.248366
499 0.243402
500 0.237943
501 0.237553
502 0.237164
503 0.240675
504 0.244187
505 0.245747
506 0.247307
507 0.25503
508 0.262753
509 0.273575
510 0.279738
511 0.285901
512 0.292822
513 0.299744
514 0.308695
515 0.317646
516 0.325042
517 0.332438
518 0.347661
519 0.356167
520 0.364673
521 0.37476
522 0.384847
523 0.392886
524 0.400925
525 0.408739
526 0.416553
527 0.431664
528 0.44164
529 0.451616
530 0.462378
531 0.473141
532 0.483989
533 0.494837
534 0.512445
535 0.530053
536 0.577982
537 0.608664
538 0.639345
539 0.665174
540 0.691002
541 0.713479
542 0.735957
543 0.749627
544 0.750885
545 0.752143
546 0.738495
547 0.724846
548 0.704119
549 0.683392
550 0.656012
551 0.628631
552 0.5862
553 0.570322
554 0.554444
555 0.543659
556 0.532875
557 0.522041
558 0.511208
559 0.493232
560 0.485203
561 0.477173
562 0.469677
563 0.46218
564 0.4581
565 0.454021
566 0.437422
567 0.43191
568 0.426397
569 0.422337
570 0.418276
571 0.414855
572 0.411434
573 0.41114
574 0.416993
575 0.422846
576 0.427951
577 0.433057
578 0.444404
579 0.455751
580 0.479254
581 0.493446
582 0.507637
583 0.519853
584 0.532068
585 0.554936
586 0.563657
587 0.572378
588 0.579652
589 0.586925
590 0.589722
591 0.59252
592 0.589854
593 0.587686
594 0.585519
595 0.583312
596 0.581105
597 0.578685
598 0.576265
599 0.567745
600 0.564733
601 0.561722
602 0.564058
603 0.566395
604 0.588304
605 0.611057
606 0.63381
607 0.651245
608 0.66868
609 0.681431
610 0.681877
611 0.680986
612 0.673253
613 0.66552
614 0.651252
615 0.636983
616 0.578365
617 0.546165
618 0.513965
619 0.49022
620 0.466476
621 0.433533
622 0.421725
623 0.409916
624 0.401955
625 0.393995
626 0.374989
627 0.365751
628 0.356513
629 0.349744
630 0.342976
631 0.325527
632 0.316377
633 0.307226
634 0.29913
635 0.291035
636 0.271418
637 0.262777
638 0.254137
639 0.24939
640 0.244642
641 0.236736
642 0.230954
643 0.225171
644 0.222083
645 0.218995
646 0.211838
647 0.207463
648 0.203087
649 0.199737
650 0.196386
651 0.193542
652 0.188291
653 0.183039
654 0.179669
655 0.176299
656 0.168058
657 0.164153
658 0.160247
659 0.153075
660 0.153203
661 0.15333
662 0.151444
663 0.149557
664 0.14075
665 0.138845
666 0.136939
667 0.133855
668 0.130771
669 0.12421
670 0.123062
671 0.121915
672 0.119677
673 0.115746
674 0.111814
675 0.110882
676 0.109949
677 0.103772
678 0.103106
679 0.10244
680 0.100827
681 0.100103
682 0.09938
683 0.09772
684 0.096059
685 0.091744
686 0.089986
687 0.088227
688 0.087928
689 0.085758
690 0.083588
691 0.084006
692 0.084424
693 0.080541
694 0.078969
695 0.077396
696 0.077012
697 0.07406
698 0.071107
699 0.070566
700 0.070025
701 0.074139
702 0.079098
703 0.084057
704 0.083443
705 0.08194
706 0.080437
707 0.081853
708 0.080381
709 0.07891
710 0.082572
711 0.080523
712 0.078474
713 0.075337
714 0.0722
715 0.064941
716 0.061161
717 0.057381
718 0.053374
719 0.052773
720 0.052173
721 0.053723
722 0.051464
723 0.049205
724 0.048629
725 0.048452
726 0.048274
727 0.038038
728 0.03833
729 0.038622
730 0.039719
731 0.040817
732 0.045146
733 0.045469
734 0.045793
735 0.042583
736 0.040659
737 0.038735
738 0.036988
739 0.039357
740 0.041725
741 0.044815
742 0.043056
743 0.041296
744 0.040944
745 0.039736
746 0.038528
747 0.040248
748 0.041715
749 0.043182
750 0.041765
751 0.044838
752 0.047911
753 0.040943
754 0.04096
755 0.040977
756 0.039411
757 0.039068
758 0.038725
759 0.043249
760 0
